C = [
-4.598439 -5.145858 -4.795769
-3.805211 -4.342367 -4.124931
-3.601781 -4.048108 -3.810227
-3.389421 -3.749212 -3.459585
-3.123972 -3.561908 -3.305611
-2.897048 -3.383410 -3.160345
-2.802827 -3.295622 -3.104881
-2.710116 -3.219722 -3.018983
-2.620232 -3.116186 -2.926702
-2.554336 -3.003381 -2.821877
-2.493859 -2.887002 -2.728416
-2.446314 -2.792550 -2.630066
-2.397558 -2.705380 -2.533426
-2.355443 -2.622575 -2.432235
-2.306101 -2.546822 -2.345640
-2.264282 -2.471949 -2.267165
-2.216361 -2.416511 -2.207989
-2.177350 -2.378591 -2.170723
-2.124759 -2.341768 -2.140857
-2.062541 -2.302175 -2.101116
-1.993616 -2.258140 -2.071473
-1.937041 -2.211062 -2.035451
-1.891921 -2.176526 -2.002228
-1.858793 -2.140827 -1.967446
-1.821648 -2.107746 -1.935812
-1.781048 -2.068945 -1.900001
-1.741493 -2.026213 -1.857081
-1.703464 -1.985370 -1.820153
-1.673189 -1.951723 -1.781066
-1.641253 -1.913550 -1.743031
-1.605217 -1.869101 -1.710783
-1.569663 -1.835592 -1.684741
-1.538532 -1.801752 -1.649034
-1.513458 -1.769761 -1.623257
-1.487837 -1.733609 -1.598611
-1.466901 -1.708754 -1.568846
-1.440733 -1.672860 -1.542144
-1.425308 -1.640554 -1.509115
-1.407319 -1.617737 -1.480673
-1.382034 -1.595643 -1.452186
-1.366916 -1.573635 -1.429735
-1.350853 -1.554077 -1.399417
-1.335062 -1.526399 -1.374212
-1.324172 -1.496738 -1.351109
-1.297557 -1.467820 -1.319080
-1.280124 -1.449491 -1.299515
-1.263255 -1.423328 -1.273759
-1.241173 -1.402536 -1.252717
-1.226163 -1.381481 -1.229647
-1.209751 -1.344964 -1.213751
-1.191876 -1.321687 -1.188036
-1.178159 -1.310570 -1.188860
-1.163420 -1.284240 -1.165147
-1.147295 -1.269672 -1.145801
-1.124914 -1.251108 -1.130584
-1.111346 -1.222400 -1.116057
-1.095515 -1.197085 -1.091539
-1.080238 -1.177450 -1.076188
-1.056861 -1.156671 -1.062269
-1.040400 -1.129948 -1.056654
-1.014487 -1.117181 -1.042249
-0.992970 -1.103660 -1.024473
-0.961010 -1.096560 -1.021581
-0.948217 -1.095332 -1.004996
-0.941484 -1.095547 -0.991099
-0.922158 -1.077401 -0.979520
-0.909303 -1.063469 -0.970213
-0.899260 -1.047775 -0.956517
-0.892672 -1.032925 -0.938465
-0.895792 -1.012933 -0.925381
-0.881117 -0.990186 -0.897334
-0.879289 -0.972403 -0.887381
-0.857868 -0.951822 -0.872376
-0.848589 -0.931462 -0.849979
-0.855124 -0.913568 -0.835558
-0.844444 -0.895354 -0.819624
-0.829572 -0.874614 -0.801323
-0.809719 -0.858026 -0.783117
-0.793718 -0.837036 -0.767376
-0.773952 -0.817214 -0.759986
-0.750918 -0.799005 -0.739437
-0.729128 -0.776511 -0.721507
-0.712668 -0.757289 -0.713779
-0.684608 -0.737359 -0.692409
-0.669456 -0.719861 -0.681144
-0.653358 -0.700757 -0.665321
-0.635122 -0.681372 -0.647750
-0.609284 -0.664295 -0.633687
-0.593239 -0.644667 -0.622351
-0.577704 -0.627739 -0.605369
-0.557259 -0.605612 -0.588959
-0.537861 -0.590329 -0.574209
-0.523120 -0.571765 -0.555258
-0.501935 -0.559295 -0.529909
-0.484026 -0.548759 -0.515915
-0.473082 -0.525667 -0.504678
-0.461559 -0.509766 -0.488504
-0.449937 -0.490515 -0.473419
-0.438548 -0.469997 -0.450198
-0.424268 -0.447707 -0.431160
-0.410549 -0.430797 -0.418685
-0.396826 -0.414029 -0.402529
-0.384074 -0.394740 -0.383539
-0.364032 -0.375300 -0.357856
-0.353126 -0.359590 -0.336989
-0.341283 -0.344634 -0.323649
-0.324292 -0.326581 -0.309442
-0.312172 -0.308033 -0.291781
-0.289512 -0.289321 -0.275395
-0.276579 -0.276395 -0.253722
-0.255623 -0.258785 -0.240918
-0.241318 -0.246661 -0.220754
-0.232322 -0.229826 -0.208791
-0.209832 -0.211944 -0.186433
-0.198049 -0.196211 -0.171345
-0.180023 -0.180289 -0.158661
-0.166361 -0.168565 -0.141119
-0.150990 -0.155403 -0.130589
-0.141386 -0.141607 -0.116473
-0.123017 -0.125849 -0.104855
-0.109435 -0.113946 -0.087214
-0.098608 -0.095430 -0.076129
-0.077516 -0.082602 -0.067269
-0.067966 -0.069830 -0.054109
-0.051873 -0.054824 -0.045744
-0.043716 -0.042859 -0.035820
-0.027203 -0.028462 -0.023593
-0.018740 -0.018595 -0.010680
0.000000 0.000000 0.000000
0.009897 0.013737 0.012821
0.025724 0.027526 0.027135
0.032074 0.037884 0.034351
0.047456 0.051564 0.046775
0.059677 0.063463 0.061404
0.072584 0.077321 0.076957
0.085628 0.087463 0.087891
0.098936 0.100610 0.102129
0.109729 0.111394 0.114626
0.119314 0.120128 0.128852
0.130213 0.135782 0.138553
0.140616 0.150444 0.152253
0.154613 0.165627 0.168390
0.164367 0.179228 0.183092
0.173827 0.194416 0.202890
0.189710 0.210075 0.217494
0.199897 0.228304 0.231922
0.211092 0.243268 0.247794
0.225944 0.257306 0.262727
0.238837 0.271303 0.282507
0.246872 0.287584 0.295579
0.263821 0.301078 0.313086
0.278565 0.315192 0.326663
0.292796 0.328170 0.342078
0.312600 0.347077 0.351626
0.327670 0.360540 0.368860
0.343025 0.378182 0.383463
0.362888 0.389566 0.399970
0.380269 0.405332 0.410722
0.397418 0.420792 0.420771
0.412426 0.433490 0.442756
0.428977 0.450396 0.455577
0.446854 0.466333 0.470208
0.465185 0.482340 0.484817
0.476990 0.498064 0.500118
0.493170 0.509420 0.513737
0.505646 0.525997 0.528955
0.517693 0.542251 0.542101
0.529808 0.556437 0.558416
0.544631 0.575157 0.577252
0.559337 0.590653 0.590440
0.572553 0.609041 0.607950
0.587093 0.627464 0.619597
0.600686 0.645496 0.637513
0.620385 0.666618 0.659188
0.636182 0.686491 0.670819
0.653014 0.709920 0.681648
0.671679 0.733417 0.704308
0.694786 0.743642 0.718728
0.714836 0.750875 0.732406
0.734251 0.759208 0.745937
0.748756 0.765788 0.761302
0.763011 0.771018 0.778417
0.778240 0.784585 0.792919
0.784421 0.794304 0.806050
0.797120 0.808395 0.814272
0.814242 0.822455 0.837483
0.823423 0.836972 0.849171
0.840185 0.853876 0.865195
0.851865 0.870045 0.883825
0.863874 0.883644 0.898149
0.879170 0.898122 0.909724
0.897135 0.912037 0.925740
0.908957 0.928083 0.939772
0.923760 0.943061 0.960672
0.935006 0.961259 0.973465
0.951713 0.979268 0.992049
0.961026 0.997480 1.002162
0.978275 1.014638 1.018584
0.995360 1.034643 1.034955
1.016300 1.049137 1.050375
1.028233 1.069949 1.064324
1.050418 1.092032 1.079475
1.068167 1.112005 1.095074
1.091453 1.128036 1.105339
1.108993 1.140574 1.115495
1.122818 1.161925 1.130328
1.140195 1.173425 1.146200
1.152049 1.188022 1.163559
1.155849 1.198821 1.172039
1.176388 1.208603 1.188975
1.189461 1.220287 1.200523
1.202994 1.232823 1.214300
1.217752 1.242633 1.224017
1.239182 1.256142 1.237567
1.253273 1.276998 1.251027
1.269771 1.292246 1.270165
1.279041 1.308856 1.282119
1.303405 1.325321 1.289372
1.315890 1.339652 1.298361
1.333281 1.355690 1.301240
1.348732 1.374676 1.323530
1.364173 1.392252 1.341727
1.378669 1.410292 1.348750
1.405042 1.423045 1.357229
1.422015 1.439807 1.367990
1.427074 1.453982 1.376288
1.438249 1.469188 1.402555
1.450396 1.484350 1.417067
1.460735 1.499908 1.425914
1.482863 1.509580 1.444432
1.495548 1.526534 1.455748
1.512642 1.542590 1.467111
1.531215 1.557238 1.495720
1.544265 1.570707 1.509911
1.560929 1.581808 1.518043
1.578182 1.603785 1.541359
1.589106 1.617928 1.560886
1.606294 1.625303 1.576691
1.626501 1.643091 1.599789
1.647397 1.660019 1.610118
1.668405 1.679432 1.636935
1.683130 1.699010 1.662475
1.710209 1.726729 1.677417
1.719678 1.734986 1.715433
1.745689 1.761847 1.744958
1.764247 1.786988 1.738042
1.785204 1.802602 1.796048
1.816645 1.825497 1.784894
1.849187 1.862799 1.863587
1.889837 1.908855 1.856141
1.946343 1.966982 1.950378
2.044894 2.033215 2.063848
2.163279 2.135128 2.069310
2.223640 2.285946 2.286125
2.223640 2.285946 2.286125
2.223640 2.285946 2.286125
];
